def solve(N):
    # 从 1 开始，不断地增加数列的长度
    # 1, 2, 3, 4, 5, 6, 7, 8, 9, 10, ...
    # 1, 3, 6, 10, 15, 21, 28, 36, 45, 55, ...
    # 1, 4, 10, 20, 35, 56, 84, 120, 165, 220, ...
    # 1, 5, 15, 35, 70, 126, 210, 330, 495, 715, ...
    # 1, 6, 21, 56, 126, 252, 462, 792, 1287, 2002, ...
    # 1, 7, 28, 84, 210, 462, 924, 1716, 3003, 5005, ...
    # 1, 8, 36, 120, 330, 792, 1716, 3432, 6435, 11440, ...
    # 1, 9, 45, 165, 495, 1287, 3003, 6435, 12870, 24310, ...
    # 1, 10, 55, 220, 715, 2002, 5005, 11440, 24310, 48620, ...
    # 1, 11, 66, 286, 1001, 3003, 8008, 19448, 43758, 92378, ...
    # 1, 12, 78, 364, 1365, 4368, 12376, 31824, 75582, 167960, ...
    # 1, 13, 91, 455, 1820, 6188, 18564, 50388, 125970, 293930, ...
    # 1, 14, 105, 560, 2380, 8568, 27132, 77520, 203490, 497420, ...
    # 1,
