Synthesizing 10/10 solutions

=======
Suggestion 1

def main():
    N = int(input())
    ans = 0
    for i in range(1, int(N**0.5) + 1):
        if N % i == 0:
            if i % 2 == 1:
                ans += 2
            if N // i % 2 == 1 and N // i != i:
                ans += 2
    print(ans)

=======
Suggestion 2

def solve(n):
    ans = 0
    for i in range(1, n+1):
        if n % i == 0:
            if i % 2 == 1:
                ans += 1
    return ans

=======
Suggestion 3

def solve(n):
    ans = 0
    for i in range(1, int(n ** 0.5) + 1):
        if n % i == 0:
            if i % 2 == 0 and n // i % 2 == 1:
                ans += 1
            if i % 2 == 1 and n // i % 2 == 0:
                ans += 1
    return ans * 2

n = int(input())
print(solve(n))

=======
Suggestion 4

def main():
    N = int(input())
    ans = 0
    for i in range(1, int(N ** 0.5) + 1):
        if N % i == 0:
            if (i - N // i) % 2 == 1:
                ans += 2
    print(ans)

=======
Suggestion 5

def main():
    N = int(input())
    N = N * 2
    # 1 2 3 4 5 6 7 8 9 10 11 12
    # 1 3 6 10 15 21 28 36 45 55 66 78
    # 1 4 10 20 35 56 84 120 165 220 286 364
    # 1 5 15 35 70 126 210 330 495 715 1001 1365
    # 1 6 21 56 126 252 462 792 1287 2002 3003 4368
    # 1 7 28 84 210 462 924 1716 3003 5005 8008 12376
    # 1 8 36 120 330 792 1716 3432 6435 11440 19448 31824
    # 1 9 45 165 495 1287 3003 6435 12870 24310 43758 75582
    # 1 10 55 220 715 2002 5005 11440 24310 48620 92378 167960
    # 1 11 66 286 1001 3003 8008 19448 43758 92378 184756 352716
    # 1 12 78 364 1365 4368 12376 31824 75582 167960 352716 705432
    # 1 13 91 455 1820 6188 18564 50388 125970 293930 646646 1352078 2704156
    # 1 14 105 560 2380 8568 27132 77520 203490 497420 1144066 2496144 5200300
    # 1 15 120 680 3060 11628 38760 116280 319770 817190 1961256 4457400 9657700
    # 1 16 136 816 3876 15504 542

=======
Suggestion 6

def main():
    N = int(input())
    print(solve(N))

=======
Suggestion 7

def get_num(n):
    num = 0
    for i in range(1,n+1):
        num += i
        if num == n:
            return i
        elif num > n:
            return i-1

n = int(input())
ans = 0
for i in range(1,get_num(n)+1):
    ans += (n-i) % i == 0
print(ans)

=======
Suggestion 8

def main():
    n = int(input())
    result = 0
    for i in range(1, n+1):
        temp = 0
        for j in range(i, n+1):
            temp += j
            if temp == n:
                result += 1
                break
            if temp > n:
                break
    print(result)

=======
Suggestion 9

def arithmetic_series(n):
    count = 0
    for i in range(1, n + 1):
        sum = 0
        for j in range(i, n + 1):
            sum += j
            if sum == n:
                count += 1
                break
            elif sum > n:
                break
    return count

print(arithmetic_series(int(input())))

=======
Suggestion 10

def solve(n):
    ans = 0
    for i in range(1, int(n**0.5)+1):
        if n % i == 0:
            if i % 2 == 1:
                ans += 1
            if i**2 != n and (n//i) % 2 == 1:
                ans += 1
    return ans
